CREATE TABLE fips (
fips_code	VARCHAR(5),
county	VARCHAR(33),
state	VARCHAR(2),
CONSTRAINT fips_pk PRIMARY KEY (fips_code)
);
 [1] Alaska        Connecticut   Illinois      Kansas        Maine         Massachusetts North Dakota  Rhode Island 
 [9] Vermont       Wyoming      
49 Levels: Alabama Alaska Arizona Arkansas California Colorado Connecticut Delaware Florida Georgia Hawaii ... Wyoming
 [1] 3769 3773 3777 3781 3785 3789 3793 3797 3801 3805 3809 3813 3817 3821 3825 3829 3833 3837 3841 3845 3849 3853 3857 3861
[25] 3865 3869 3873 3877 3881 3885 3889 3893 3897 3901 3905 3909 3913 3917 3921 3925 3929 3933 3937 3941 3945 3949 3953 3957
[49] 3961 3965 3969 3973 3977 3981 3985 3989 3993 3997 4001 4005 4009 4013 4017 4021 4025 4029 4033 4037 4041 4045 4049 4053
[73] 4057 4061 4065 4069 4073 4077 4081 4085 4089 4093 4097 4101 4105 4109 4113 4117 4121 4125 4129 4133 4137 4141 4145 4149
[97] 4153 4157 4161
